51.810
51.810
51.810
51.810
51.810
51.810
51.810
51.810
51.810
51.810
51.810
51.810
51.810
51.810
51.810
51.810
51.810
51.810
51.810
51.810
51.810
51.810
51.810
51.810
51.810
51.810
51.810
51.810
51.810
51.810
51.810
51.810
51.810
51.810
51.810
51.810
51.810
51.810
51.810
51.810
51.810
51.810
51.810
51.810
51.810
51.810
51.810
51.810
51.810
51.810
51.810
51.810
51.810
51.810
51.810
51.810
51.810
51.810
51.810
51.810
51.810
51.810
51.810
51.810
51.810
51.810
51.810
51.810
51.810
51.810
51.810
51.810
51.810
51.810
51.810
51.810
51.810
51.810
51.810
51.810
51.810
51.810
51.810
51.810
51.810
51.810
51.810
51.810
51.810
51.810
51.810
51.810
51.810
51.810
51.810
51.810
51.810
51.810
51.810
